emissivity = 0.9
temp = 278.0
excentricity = 0.23004
conductivity = 0.02
diffusivity = 1.2e-6
semiaxis = 1.50405e11
albedo = 0.1
scale = 518.0
pos = (0.0, 1.0, 0.0)
plan = (0.0, 0.0, 1.0)
rot = (0.0, -0.2, 0.8)
period = 730.8
timestep = 0.05